{"cells":[{"cell_type":"code","execution_count":56,"metadata":{"id":"mx9W41Y_EWEO","executionInfo":{"status":"ok","timestamp":1665830214696,"user_tz":-180,"elapsed":173,"user":{"displayName":"Roman Shalvinskiy","userId":"07045652343945671112"}}},"outputs":[],"source":["import pandas as pd\n","import numpy as np\n","from pandas import Series, DataFrame\n","from datetime import datetime\n","import matplotlib.pyplot as plt\n","\n","#from markowitz import MarkowitzOpt\n"]},{"cell_type":"code","execution_count":57,"metadata":{"colab":{"base_uri":"https://localhost:8080/"},"id":"NkNxmJ1-EWEZ","executionInfo":{"status":"ok","timestamp":1665830214697,"user_tz":-180,"elapsed":172,"user":{"displayName":"Roman Shalvinskiy","userId":"07045652343945671112"}},"outputId":"cfe5f29b-2432-4d5f-d7e6-e5301b63e673"},"outputs":[{"output_type":"stream","name":"stderr","text":["/usr/local/lib/python3.7/dist-packages/ipykernel_launcher.py:8: FutureWarning: In a future version of pandas all arguments of DataFrame.drop except for the argument 'labels' will be keyword-only\n","  \n"]}],"source":["\n","\n","StockList = ['AAPL','IBM','MSFT','GOOG','QCOM']\t\t# Stock ticker names\n","interest_rate = 0.03/12\t\t\t\t\t\t\t\t# Fixed interest rate\n","min_return = 0.02\t\t\t\t\t\t\t\t\t# Minimum desired return\n","\n","# Read stock prices data\n","price = pd.read_csv('/StockPrices.csv')\n","price.index = [datetime.strptime(x,'%Y-%m-%d') for x in price['Date']]\n","price = price.drop('Date',1)\n","\n","# Specify number of days to shift\n","shift = 20\n","# Compute returns over the time period specified by shift\n","shift_returns = price/price.shift(shift) - 1\n","\n","# Specify filter \"length\"\n","filter_len = shift\n","# Compute mean and variance\n","shift_returns_mean = shift_returns.ewm(span=filter_len).mean()\n","shift_returns_var = shift_returns.ewm(span=filter_len).var()\n","# Compute covariances\n","NumStocks = len(StockList)\n","covariance = pd.DataFrame()\n","for FirstStock in np.arange(NumStocks-1):\n","    for SecondStock in np.arange(FirstStock+1,NumStocks):\n","        ColumnTitle = StockList[FirstStock] + '-' + StockList[SecondStock]\n","        covariance[ColumnTitle] = shift_returns[StockList[FirstStock]].ewm(span=filter_len).cov(shift_returns[StockList[SecondStock]])\n"]},{"cell_type":"code","source":["import numpy as np\n","from numpy import linalg as la\n","\n","def nearestPD(A):\n","    \"\"\"Find the nearest positive-definite matrix to input\n","\n","    A Python/Numpy port of John D'Errico's `nearestSPD` MATLAB code [1], which\n","    credits [2].\n","\n","    [1] https://www.mathworks.com/matlabcentral/fileexchange/42885-nearestspd\n","\n","    [2] N.J. Higham, \"Computing a nearest symmetric positive semidefinite\n","    matrix\" (1988): https://doi.org/10.1016/0024-3795(88)90223-6\n","    \"\"\"\n","\n","    B = (A + A.T) / 2\n","    _, s, V = la.svd(B)\n","\n","    H = np.dot(V.T, np.dot(np.diag(s), V))\n","\n","    A2 = (B + H) / 2\n","\n","    A3 = (A2 + A2.T) / 2\n","\n","    if isPD(A3):\n","        return A3\n","\n","    spacing = np.spacing(la.norm(A))\n","    # The above is different from [1]. It appears that MATLAB's `chol` Cholesky\n","    # decomposition will accept matrixes with exactly 0-eigenvalue, whereas\n","    # Numpy's will not. So where [1] uses `eps(mineig)` (where `eps` is Matlab\n","    # for `np.spacing`), we use the above definition. CAVEAT: our `spacing`\n","    # will be much larger than [1]'s `eps(mineig)`, since `mineig` is usually on\n","    # the order of 1e-16, and `eps(1e-16)` is on the order of 1e-34, whereas\n","    # `spacing` will, for Gaussian random matrixes of small dimension, be on\n","    # othe order of 1e-16. In practice, both ways converge, as the unit test\n","    # below suggests.\n","    I = np.eye(A.shape[0])\n","    k = 1\n","    while not isPD(A3):\n","        mineig = np.min(np.real(la.eigvals(A3)))\n","        A3 += I * (-mineig * k**2 + spacing)\n","        k += 1\n","\n","    return A3\n","\n","def isPD(B):\n","    \"\"\"Returns true when input is positive-definite, via Cholesky\"\"\"\n","    try:\n","        _ = la.cholesky(B)\n","        return True\n","    except la.LinAlgError:\n","        return False\n","\n","if __name__ == '__main__':\n","    import numpy as np\n","    for i in range(10):\n","        for j in range(2, 100):\n","            A = np.random.randn(j, j)\n","            B = nearestPD(A)\n","            assert(isPD(B))\n","    print('unit test passed!')\n"],"metadata":{"colab":{"base_uri":"https://localhost:8080/"},"id":"Jb98vKHxGYc4","executionInfo":{"status":"ok","timestamp":1665830221304,"user_tz":-180,"elapsed":6774,"user":{"displayName":"Roman Shalvinskiy","userId":"07045652343945671112"}},"outputId":"203262e4-9279-4edc-9351-536b3e46dd59"},"execution_count":58,"outputs":[{"output_type":"stream","name":"stdout","text":["unit test passed!\n"]}]},{"cell_type":"code","source":["from cvxpy import *\n","import numpy as np\n","#from posdef import nearestPD\n","\n","\n","def MarkowitzOpt(mean, variance, covariance, interest_rate, min_return):\n","    n = mean.size + 1                   # Number of assets (number of stocks + interest rate)\n","    \n","    mu = mean.values                    # Mean returns of n assets\n","    temp = np.full(n, interest_rate)\n","    temp[:-1] = mu\n","    mu = temp\n","        \n","    counter = 0\n","    Sigma = np.zeros((n,n))                 # Covariance of n assets\n","    for i in np.arange(n-1):\n","        for j in np.arange(i, n-1):\n","            if i==j:\n","                Sigma[i,j] = variance[i]\n","            else:\n","                Sigma[i,j] = covariance[counter]\n","                Sigma[j,i] = Sigma[i,j]\n","                counter+=1\n","    Sigma = nearestPD(Sigma)                # Converting covariance to the nearest positive-definite matrix\n","    print('Sigma ',Sigma)\n","    # Ensuring feasability of inequality contraint\n","    if mu.max() < min_return:\n","        min_return = interest_rate\n","    \n","    w = Variable(n)                         # Portfolio allocation vector\n","    ret = mu.T*\tw\n","    risk = quad_form(w, Sigma)\n","    min_ret = Parameter(nonneg=True)\n","    min_ret.value = min_return\n","    prob = Problem(Minimize(risk),          # Restricting to long-only portfolio\n","                   [ret >= min_ret,\n","                   sum(w) == 1,\n","                   w >= 0])\n","    prob.solve()\n","    return w.value"],"metadata":{"id":"1ymCo8poGP_U","executionInfo":{"status":"ok","timestamp":1665830221306,"user_tz":-180,"elapsed":273,"user":{"displayName":"Roman Shalvinskiy","userId":"07045652343945671112"}}},"execution_count":59,"outputs":[]},{"cell_type":"code","execution_count":60,"metadata":{"colab":{"base_uri":"https://localhost:8080/"},"id":"8USYcgmvEWEe","executionInfo":{"status":"ok","timestamp":1665830221312,"user_tz":-180,"elapsed":271,"user":{"displayName":"Roman Shalvinskiy","userId":"07045652343945671112"}},"outputId":"71935c6e-58b3-4450-f25a-ae3fddc0185e"},"outputs":[{"output_type":"stream","name":"stderr","text":["/usr/local/lib/python3.7/dist-packages/ipykernel_launcher.py:10: DeprecationWarning: The default dtype for empty Series will be 'object' instead of 'float64' in a future version. Specify a dtype explicitly to silence this warning.\n","  # Remove the CWD from sys.path while we load stuff.\n"]}],"source":["\n","\n","# Variable Initialization\n","start_date = '2006-01-03'\n","index = shift_returns.index\n","start_index = index.get_loc(start_date)\n","end_date = index[-1]\n","end_index = index.get_loc(end_date)\n","date_index_iter = start_index\n","StockList.append('InterestRate')\n","distribution = DataFrame(index=StockList)\n","returns = Series(index=index)\n","# Start Value\n","total_value = 1.0\n","returns[index[date_index_iter]] = total_value\n"]},{"cell_type":"code","source":["\n","while date_index_iter + 20 < end_index:\n","\tdate = index[date_index_iter]\n","\tportfolio_alloc = MarkowitzOpt(shift_returns_mean.loc[date], shift_returns_var.loc[date], covariance.loc[date], interest_rate, min_return)\n","\tdistribution[date.strftime('%Y-%m-%d')] = portfolio_alloc\n","\n","\t# Calculating portfolio return\n","\tdate2 = index[date_index_iter+shift]\n","\ttemp1 = price.loc[date2]/price.loc[date]\n","\ttemp1.loc[StockList[-1]] = interest_rate+1\n","\ttemp2 = Series(np.array(portfolio_alloc.ravel()).reshape(len(portfolio_alloc)),index=StockList)\n","\ttotal_value = np.sum(total_value*temp2*temp1)\n","\t# Increment Date\n","\tdate_index_iter += shift\n","\treturns[index[date_index_iter]] = total_value\n"],"metadata":{"colab":{"base_uri":"https://localhost:8080/"},"id":"ea2PznERGtaf","executionInfo":{"status":"ok","timestamp":1665830223978,"user_tz":-180,"elapsed":2903,"user":{"displayName":"Roman Shalvinskiy","userId":"07045652343945671112"}},"outputId":"f0d15e52-6d16-4e6a-8e0d-f7b8507cd95a"},"execution_count":61,"outputs":[{"output_type":"stream","name":"stdout","text":["Sigma  [[5.07444521e-03 3.34407618e-03 2.71127035e-03 2.11067813e-03\n","  1.97099278e-03 0.00000000e+00]\n"," [3.34407618e-03 3.78622633e-03 2.51818952e-03 1.86423515e-03\n","  1.86667475e-03 0.00000000e+00]\n"," [2.71127035e-03 2.51818952e-03 3.09090816e-03 2.49933382e-03\n","  1.67042186e-03 0.00000000e+00]\n"," [2.11067813e-03 1.86423515e-03 2.49933382e-03 2.60475988e-03\n","  1.53131602e-03 0.00000000e+00]\n"," [1.97099278e-03 1.86667475e-03 1.67042186e-03 1.53131602e-03\n","  1.98829697e-03 0.00000000e+00]\n"," [0.00000000e+00 0.00000000e+00 0.00000000e+00 0.00000000e+00\n","  0.00000000e+00 1.73472348e-18]]\n","Sigma  [[ 4.12353928e-03  7.58708382e-04 -2.91900836e-04  1.99835918e-03\n","  -7.66609327e-04  0.00000000e+00]\n"," [ 7.58708382e-04  4.20432416e-03  6.44730717e-04 -1.36052118e-04\n","   6.06476458e-04  0.00000000e+00]\n"," [-2.91900836e-04  6.44730717e-04  7.87820035e-04 -4.25143360e-04\n","   1.23000577e-03  0.00000000e+00]\n"," [ 1.99835918e-03 -1.36052118e-04 -4.25143360e-04  1.65731490e-03\n","  -5.71982721e-04  0.00000000e+00]\n"," [-7.66609327e-04  6.06476458e-04  1.23000577e-03 -5.71982721e-04\n","   2.05359806e-03  0.00000000e+00]\n"," [ 0.00000000e+00  0.00000000e+00  0.00000000e+00  0.00000000e+00\n","   0.00000000e+00  8.67361738e-19]]\n","Sigma  [[7.42904791e-03 5.33328554e-04 5.69983412e-04 4.70989905e-03\n","  2.38818992e-03 0.00000000e+00]\n"," [5.33328554e-04 7.55348168e-03 1.38843311e-04 2.53242472e-04\n","  1.81505140e-04 0.00000000e+00]\n"," [5.69983412e-04 1.38843311e-04 2.84098645e-04 4.29180579e-04\n","  4.73193453e-04 0.00000000e+00]\n"," [4.70989905e-03 2.53242472e-04 4.29180579e-04 3.03751246e-03\n","  1.71254182e-03 0.00000000e+00]\n"," [2.38818992e-03 1.81505140e-04 4.73193453e-04 1.71254182e-03\n","  1.55031487e-03 0.00000000e+00]\n"," [0.00000000e+00 0.00000000e+00 0.00000000e+00 0.00000000e+00\n","  0.00000000e+00 1.90729004e-18]]\n","Sigma  [[ 3.41930291e-03 -3.43626464e-04  2.51734315e-04  6.44395291e-04\n","   3.38024076e-04  0.00000000e+00]\n"," [-3.43626464e-04  5.05803200e-03  1.70376001e-04  7.55021987e-04\n","   4.05509713e-04  0.00000000e+00]\n"," [ 2.51734315e-04  1.70376001e-04  4.64417708e-04  9.61075338e-05\n","   1.72363167e-04  0.00000000e+00]\n"," [ 6.44395291e-04  7.55021987e-04  9.61075338e-05  7.97346168e-04\n","   7.97425901e-04  0.00000000e+00]\n"," [ 3.38024076e-04  4.05509713e-04  1.72363167e-04  7.97425901e-04\n","   9.07859233e-04  0.00000000e+00]\n"," [ 0.00000000e+00  0.00000000e+00  0.00000000e+00  0.00000000e+00\n","   0.00000000e+00  8.67361738e-19]]\n","Sigma  [[ 7.44915324e-03 -7.87105846e-04 -6.40094721e-04  3.74859036e-03\n","  -2.08596085e-04  0.00000000e+00]\n"," [-7.87105846e-04  9.01514714e-03  2.84566204e-04 -1.05425662e-03\n","   1.76321561e-04  0.00000000e+00]\n"," [-6.40094721e-04  2.84566204e-04  5.60524808e-04 -1.23560636e-05\n","   5.29434544e-04  0.00000000e+00]\n"," [ 3.74859036e-03 -1.05425662e-03 -1.23560636e-05  2.14924644e-03\n","   2.21648666e-04  0.00000000e+00]\n"," [-2.08596085e-04  1.76321561e-04  5.29434544e-04  2.21648666e-04\n","   5.47805994e-04  0.00000000e+00]\n"," [ 0.00000000e+00  0.00000000e+00  0.00000000e+00  0.00000000e+00\n","   0.00000000e+00  2.18547778e-18]]\n","Sigma  [[5.20973805e-03 6.79876095e-04 6.37300716e-04 3.69583178e-03\n","  3.26953493e-03 0.00000000e+00]\n"," [6.79876095e-04 8.79993422e-03 1.78272164e-04 6.03898991e-04\n","  7.91372942e-04 0.00000000e+00]\n"," [6.37300716e-04 1.78272164e-04 1.59018112e-03 2.30912525e-03\n","  1.90150666e-03 0.00000000e+00]\n"," [3.69583178e-03 6.03898991e-04 2.30912525e-03 4.91987065e-03\n","  4.22366579e-03 0.00000000e+00]\n"," [3.26953493e-03 7.91372942e-04 1.90150666e-03 4.22366579e-03\n","  3.75716010e-03 0.00000000e+00]\n"," [0.00000000e+00 0.00000000e+00 0.00000000e+00 0.00000000e+00\n","  0.00000000e+00 5.18784113e-18]]\n"]},{"output_type":"stream","name":"stderr","text":["/usr/local/lib/python3.7/dist-packages/cvxpy/expressions/expression.py:593: UserWarning: \n","This use of ``*`` has resulted in matrix multiplication.\n","Using ``*`` for matrix multiplication has been deprecated since CVXPY 1.1.\n","    Use ``*`` for matrix-scalar and vector-scalar multiplication.\n","    Use ``@`` for matrix-matrix and matrix-vector multiplication.\n","    Use ``multiply`` for elementwise multiplication.\n","This code path has been hit 207 times so far.\n","\n","  warnings.warn(msg, UserWarning)\n","/usr/local/lib/python3.7/dist-packages/cvxpy/expressions/expression.py:593: UserWarning: \n","This use of ``*`` has resulted in matrix multiplication.\n","Using ``*`` for matrix multiplication has been deprecated since CVXPY 1.1.\n","    Use ``*`` for matrix-scalar and vector-scalar multiplication.\n","    Use ``@`` for matrix-matrix and matrix-vector multiplication.\n","    Use ``multiply`` for elementwise multiplication.\n","This code path has been hit 208 times so far.\n","\n","  warnings.warn(msg, UserWarning)\n","/usr/local/lib/python3.7/dist-packages/cvxpy/expressions/expression.py:593: UserWarning: \n","This use of ``*`` has resulted in matrix multiplication.\n","Using ``*`` for matrix multiplication has been deprecated since CVXPY 1.1.\n","    Use ``*`` for matrix-scalar and vector-scalar multiplication.\n","    Use ``@`` for matrix-matrix and matrix-vector multiplication.\n","    Use ``multiply`` for elementwise multiplication.\n","This code path has been hit 209 times so far.\n","\n","  warnings.warn(msg, UserWarning)\n","/usr/local/lib/python3.7/dist-packages/cvxpy/expressions/expression.py:593: UserWarning: \n","This use of ``*`` has resulted in matrix multiplication.\n","Using ``*`` for matrix multiplication has been deprecated since CVXPY 1.1.\n","    Use ``*`` for matrix-scalar and vector-scalar multiplication.\n","    Use ``@`` for matrix-matrix and matrix-vector multiplication.\n","    Use ``multiply`` for elementwise multiplication.\n","This code path has been hit 210 times so far.\n","\n","  warnings.warn(msg, UserWarning)\n","/usr/local/lib/python3.7/dist-packages/cvxpy/expressions/expression.py:593: UserWarning: \n","This use of ``*`` has resulted in matrix multiplication.\n","Using ``*`` for matrix multiplication has been deprecated since CVXPY 1.1.\n","    Use ``*`` for matrix-scalar and vector-scalar multiplication.\n","    Use ``@`` for matrix-matrix and matrix-vector multiplication.\n","    Use ``multiply`` for elementwise multiplication.\n","This code path has been hit 211 times so far.\n","\n","  warnings.warn(msg, UserWarning)\n","/usr/local/lib/python3.7/dist-packages/cvxpy/expressions/expression.py:593: UserWarning: \n","This use of ``*`` has resulted in matrix multiplication.\n","Using ``*`` for matrix multiplication has been deprecated since CVXPY 1.1.\n","    Use ``*`` for matrix-scalar and vector-scalar multiplication.\n","    Use ``@`` for matrix-matrix and matrix-vector multiplication.\n","    Use ``multiply`` for elementwise multiplication.\n","This code path has been hit 212 times so far.\n","\n","  warnings.warn(msg, UserWarning)\n","/usr/local/lib/python3.7/dist-packages/cvxpy/expressions/expression.py:593: UserWarning: \n","This use of ``*`` has resulted in matrix multiplication.\n","Using ``*`` for matrix multiplication has been deprecated since CVXPY 1.1.\n","    Use ``*`` for matrix-scalar and vector-scalar multiplication.\n","    Use ``@`` for matrix-matrix and matrix-vector multiplication.\n","    Use ``multiply`` for elementwise multiplication.\n","This code path has been hit 213 times so far.\n","\n","  warnings.warn(msg, UserWarning)\n","/usr/local/lib/python3.7/dist-packages/cvxpy/expressions/expression.py:593: UserWarning: \n","This use of ``*`` has resulted in matrix multiplication.\n","Using ``*`` for matrix multiplication has been deprecated since CVXPY 1.1.\n","    Use ``*`` for matrix-scalar and vector-scalar multiplication.\n","    Use ``@`` for matrix-matrix and matrix-vector multiplication.\n","    Use ``multiply`` for elementwise multiplication.\n","This code path has been hit 214 times so far.\n","\n","  warnings.warn(msg, UserWarning)\n"]},{"output_type":"stream","name":"stdout","text":["Sigma  [[ 2.81007934e-03  6.20587952e-04 -3.49121966e-04  3.79285079e-04\n","   1.30107917e-03  0.00000000e+00]\n"," [ 6.20587952e-04  3.45623450e-03 -2.15878903e-05 -7.74963586e-05\n","   6.21322261e-04  0.00000000e+00]\n"," [-3.49121966e-04 -2.15878903e-05  9.87073276e-04  1.28170481e-03\n","   4.54054058e-04  0.00000000e+00]\n"," [ 3.79285079e-04 -7.74963586e-05  1.28170481e-03  1.99307234e-03\n","   7.75114865e-04  0.00000000e+00]\n"," [ 1.30107917e-03  6.21322261e-04  4.54054058e-04  7.75114865e-04\n","   2.16243792e-03  0.00000000e+00]\n"," [ 0.00000000e+00  0.00000000e+00  0.00000000e+00  0.00000000e+00\n","   0.00000000e+00  8.67361738e-19]]\n","Sigma  [[ 4.30762041e-03  5.91516859e-04  8.50065804e-04 -1.96293684e-03\n","  -4.78422189e-05  0.00000000e+00]\n"," [ 5.91516859e-04  3.12656003e-03  3.62482946e-04 -1.49559730e-05\n","   3.04816544e-04  0.00000000e+00]\n"," [ 8.50065804e-04  3.62482946e-04  5.51474333e-04  1.68370464e-04\n","   8.74127842e-06  0.00000000e+00]\n"," [-1.96293684e-03 -1.49559730e-05  1.68370464e-04  1.80510126e-03\n","   4.31504636e-04  0.00000000e+00]\n"," [-4.78422189e-05  3.04816544e-04  8.74127842e-06  4.31504636e-04\n","   1.55063214e-03  0.00000000e+00]\n"," [ 0.00000000e+00  0.00000000e+00  0.00000000e+00  0.00000000e+00\n","   0.00000000e+00  9.11246995e-19]]\n","Sigma  [[ 1.00300444e-02  1.03062901e-03  1.14814456e-03 -3.58895163e-03\n","   1.97081021e-04  0.00000000e+00]\n"," [ 1.03062901e-03  2.59084835e-03  8.11174300e-04  1.37201207e-04\n","   2.58418360e-03  0.00000000e+00]\n"," [ 1.14814456e-03  8.11174300e-04  1.22183114e-03 -1.43989969e-04\n","   1.21069230e-03  0.00000000e+00]\n"," [-3.58895163e-03  1.37201207e-04 -1.43989969e-04  1.47416164e-03\n","   1.09534265e-03  0.00000000e+00]\n"," [ 1.97081021e-04  2.58418360e-03  1.21069230e-03  1.09534265e-03\n","   7.71005835e-03  0.00000000e+00]\n"," [ 0.00000000e+00  0.00000000e+00  0.00000000e+00  0.00000000e+00\n","   0.00000000e+00  2.01934037e-18]]\n"]},{"output_type":"stream","name":"stderr","text":["/usr/local/lib/python3.7/dist-packages/cvxpy/expressions/expression.py:593: UserWarning: \n","This use of ``*`` has resulted in matrix multiplication.\n","Using ``*`` for matrix multiplication has been deprecated since CVXPY 1.1.\n","    Use ``*`` for matrix-scalar and vector-scalar multiplication.\n","    Use ``@`` for matrix-matrix and matrix-vector multiplication.\n","    Use ``multiply`` for elementwise multiplication.\n","This code path has been hit 215 times so far.\n","\n","  warnings.warn(msg, UserWarning)\n"]},{"output_type":"stream","name":"stdout","text":["Sigma  [[ 3.68786755e-03 -1.33529457e-04 -4.73395396e-05 -5.28883377e-04\n","  -7.92056546e-04  0.00000000e+00]\n"," [-1.33529457e-04  2.18238600e-03  1.74170808e-04  2.24569065e-04\n","   1.32145213e-03  0.00000000e+00]\n"," [-4.73395396e-05  1.74170808e-04  5.17844866e-04 -2.38814551e-04\n","   2.28139696e-04  0.00000000e+00]\n"," [-5.28883377e-04  2.24569065e-04 -2.38814551e-04  3.68152659e-04\n","   2.63999575e-04  0.00000000e+00]\n"," [-7.92056546e-04  1.32145213e-03  2.28139696e-04  2.63999575e-04\n","   4.49468601e-03  0.00000000e+00]\n"," [ 0.00000000e+00  0.00000000e+00  0.00000000e+00  0.00000000e+00\n","   0.00000000e+00  8.67361738e-19]]\n","Sigma  [[ 3.03956379e-03 -4.55920925e-04 -5.66935172e-05 -8.04093995e-05\n","  -5.64461632e-04  0.00000000e+00]\n"," [-4.55920925e-04  1.09169940e-03 -4.37260733e-05 -1.65859584e-04\n","   6.07290077e-04  0.00000000e+00]\n"," [-5.66935172e-05 -4.37260733e-05  4.71019490e-04  1.44156564e-04\n","  -1.85829571e-04  0.00000000e+00]\n"," [-8.04093995e-05 -1.65859584e-04  1.44156564e-04  2.20447469e-04\n","  -7.23045733e-04  0.00000000e+00]\n"," [-5.64461632e-04  6.07290077e-04 -1.85829571e-04 -7.23045733e-04\n","   2.94194822e-03  0.00000000e+00]\n"," [ 0.00000000e+00  0.00000000e+00  0.00000000e+00  0.00000000e+00\n","   0.00000000e+00  8.67361738e-19]]\n","Sigma  [[ 1.67453776e-03 -1.84627254e-04 -2.40356025e-04  5.06177194e-04\n","  -9.86792003e-04  0.00000000e+00]\n"," [-1.84627254e-04  2.03804412e-03 -4.00457281e-05  4.32247267e-04\n","   2.45349207e-04  0.00000000e+00]\n"," [-2.40356025e-04 -4.00457281e-05  9.30989702e-04 -2.80904210e-04\n","   2.08283924e-04  0.00000000e+00]\n"," [ 5.06177194e-04  4.32247267e-04 -2.80904210e-04  3.70773294e-04\n","   6.71725126e-05  0.00000000e+00]\n"," [-9.86792003e-04  2.45349207e-04  2.08283924e-04  6.71725126e-05\n","   2.66586178e-03  0.00000000e+00]\n"," [ 0.00000000e+00  0.00000000e+00  0.00000000e+00  0.00000000e+00\n","   0.00000000e+00  8.67361738e-19]]\n","Sigma  [[ 2.05968920e-03 -1.41958160e-04  1.69203713e-04  5.50088911e-04\n","  -9.59887063e-04  0.00000000e+00]\n"," [-1.41958160e-04  2.68566764e-03  1.75721629e-04  9.09501535e-04\n","  -5.04746539e-04  0.00000000e+00]\n"," [ 1.69203713e-04  1.75721629e-04  7.32048589e-04  3.36111855e-04\n","  -6.39051691e-04  0.00000000e+00]\n"," [ 5.50088911e-04  9.09501535e-04  3.36111855e-04  6.89191830e-04\n","  -1.14757935e-03  0.00000000e+00]\n"," [-9.59887063e-04 -5.04746539e-04 -6.39051691e-04 -1.14757935e-03\n","   2.97752641e-03  0.00000000e+00]\n"," [ 0.00000000e+00  0.00000000e+00  0.00000000e+00  0.00000000e+00\n","   0.00000000e+00  8.67361738e-19]]\n","Sigma  [[ 6.94157999e-03  4.86939796e-05  8.76321112e-04  2.73685620e-03\n","  -6.54923966e-04  0.00000000e+00]\n"," [ 4.86939796e-05  2.28353361e-03  1.67211130e-04  2.46521207e-04\n","  -1.66644320e-04  0.00000000e+00]\n"," [ 8.76321112e-04  1.67211130e-04  3.64221038e-04  4.21157603e-04\n","  -1.38733061e-04  0.00000000e+00]\n"," [ 2.73685620e-03  2.46521207e-04  4.21157603e-04  1.11821984e-03\n","  -3.28202539e-04  0.00000000e+00]\n"," [-6.54923966e-04 -1.66644320e-04 -1.38733061e-04 -3.28202539e-04\n","   1.07213144e-03  0.00000000e+00]\n"," [ 0.00000000e+00  0.00000000e+00  0.00000000e+00  0.00000000e+00\n","   0.00000000e+00  1.73472348e-18]]\n"]},{"output_type":"stream","name":"stderr","text":["/usr/local/lib/python3.7/dist-packages/cvxpy/expressions/expression.py:593: UserWarning: \n","This use of ``*`` has resulted in matrix multiplication.\n","Using ``*`` for matrix multiplication has been deprecated since CVXPY 1.1.\n","    Use ``*`` for matrix-scalar and vector-scalar multiplication.\n","    Use ``@`` for matrix-matrix and matrix-vector multiplication.\n","    Use ``multiply`` for elementwise multiplication.\n","This code path has been hit 216 times so far.\n","\n","  warnings.warn(msg, UserWarning)\n","/usr/local/lib/python3.7/dist-packages/cvxpy/expressions/expression.py:593: UserWarning: \n","This use of ``*`` has resulted in matrix multiplication.\n","Using ``*`` for matrix multiplication has been deprecated since CVXPY 1.1.\n","    Use ``*`` for matrix-scalar and vector-scalar multiplication.\n","    Use ``@`` for matrix-matrix and matrix-vector multiplication.\n","    Use ``multiply`` for elementwise multiplication.\n","This code path has been hit 217 times so far.\n","\n","  warnings.warn(msg, UserWarning)\n","/usr/local/lib/python3.7/dist-packages/cvxpy/expressions/expression.py:593: UserWarning: \n","This use of ``*`` has resulted in matrix multiplication.\n","Using ``*`` for matrix multiplication has been deprecated since CVXPY 1.1.\n","    Use ``*`` for matrix-scalar and vector-scalar multiplication.\n","    Use ``@`` for matrix-matrix and matrix-vector multiplication.\n","    Use ``multiply`` for elementwise multiplication.\n","This code path has been hit 218 times so far.\n","\n","  warnings.warn(msg, UserWarning)\n","/usr/local/lib/python3.7/dist-packages/cvxpy/expressions/expression.py:593: UserWarning: \n","This use of ``*`` has resulted in matrix multiplication.\n","Using ``*`` for matrix multiplication has been deprecated since CVXPY 1.1.\n","    Use ``*`` for matrix-scalar and vector-scalar multiplication.\n","    Use ``@`` for matrix-matrix and matrix-vector multiplication.\n","    Use ``multiply`` for elementwise multiplication.\n","This code path has been hit 219 times so far.\n","\n","  warnings.warn(msg, UserWarning)\n","/usr/local/lib/python3.7/dist-packages/cvxpy/expressions/expression.py:593: UserWarning: \n","This use of ``*`` has resulted in matrix multiplication.\n","Using ``*`` for matrix multiplication has been deprecated since CVXPY 1.1.\n","    Use ``*`` for matrix-scalar and vector-scalar multiplication.\n","    Use ``@`` for matrix-matrix and matrix-vector multiplication.\n","    Use ``multiply`` for elementwise multiplication.\n","This code path has been hit 220 times so far.\n","\n","  warnings.warn(msg, UserWarning)\n","/usr/local/lib/python3.7/dist-packages/cvxpy/expressions/expression.py:593: UserWarning: \n","This use of ``*`` has resulted in matrix multiplication.\n","Using ``*`` for matrix multiplication has been deprecated since CVXPY 1.1.\n","    Use ``*`` for matrix-scalar and vector-scalar multiplication.\n","    Use ``@`` for matrix-matrix and matrix-vector multiplication.\n","    Use ``multiply`` for elementwise multiplication.\n","This code path has been hit 221 times so far.\n","\n","  warnings.warn(msg, UserWarning)\n","/usr/local/lib/python3.7/dist-packages/cvxpy/expressions/expression.py:593: UserWarning: \n","This use of ``*`` has resulted in matrix multiplication.\n","Using ``*`` for matrix multiplication has been deprecated since CVXPY 1.1.\n","    Use ``*`` for matrix-scalar and vector-scalar multiplication.\n","    Use ``@`` for matrix-matrix and matrix-vector multiplication.\n","    Use ``multiply`` for elementwise multiplication.\n","This code path has been hit 222 times so far.\n","\n","  warnings.warn(msg, UserWarning)\n"]},{"output_type":"stream","name":"stdout","text":["Sigma  [[5.74691027e-03 1.04279663e-03 2.56539769e-03 3.68200028e-03\n","  5.51627510e-04 0.00000000e+00]\n"," [1.04279663e-03 3.69879994e-03 6.36497846e-04 7.40415647e-04\n","  2.04509012e-04 0.00000000e+00]\n"," [2.56539769e-03 6.36497846e-04 1.16983115e-03 1.66176274e-03\n","  3.42891360e-04 0.00000000e+00]\n"," [3.68200028e-03 7.40415647e-04 1.66176274e-03 2.37359982e-03\n","  4.37557209e-04 0.00000000e+00]\n"," [5.51627510e-04 2.04509012e-04 3.42891360e-04 4.37557209e-04\n","  5.69844084e-04 0.00000000e+00]\n"," [0.00000000e+00 0.00000000e+00 0.00000000e+00 0.00000000e+00\n","  0.00000000e+00 1.73472348e-18]]\n","Sigma  [[ 2.13796436e-03 -5.03630393e-04  2.67743564e-05  7.02110379e-04\n","   1.02606168e-03  0.00000000e+00]\n"," [-5.03630393e-04  1.22847689e-03  6.71163603e-04  4.69035475e-04\n","  -3.22596027e-04  0.00000000e+00]\n"," [ 2.67743564e-05  6.71163603e-04  1.20390588e-03  6.87215628e-04\n","  -4.97230097e-04  0.00000000e+00]\n"," [ 7.02110379e-04  4.69035475e-04  6.87215628e-04  7.51820526e-04\n","  -1.38152376e-04  0.00000000e+00]\n"," [ 1.02606168e-03 -3.22596027e-04 -4.97230097e-04 -1.38152376e-04\n","   2.07595625e-03  0.00000000e+00]\n"," [ 0.00000000e+00  0.00000000e+00  0.00000000e+00  0.00000000e+00\n","   0.00000000e+00  1.31169654e-18]]\n","Sigma  [[ 1.23022930e-03  2.03339591e-04 -5.15776017e-05  2.93022172e-04\n","   8.38280331e-04  0.00000000e+00]\n"," [ 2.03339591e-04  1.41037967e-03  1.09037469e-03  1.09214202e-03\n","   9.67885454e-05  0.00000000e+00]\n"," [-5.15776017e-05  1.09037469e-03  1.18403888e-03  1.30618207e-03\n","  -5.52265757e-04  0.00000000e+00]\n"," [ 2.93022172e-04  1.09214202e-03  1.30618207e-03  1.78550957e-03\n","  -2.34081243e-04  0.00000000e+00]\n"," [ 8.38280331e-04  9.67885454e-05 -5.52265757e-04 -2.34081243e-04\n","   2.23723853e-03  0.00000000e+00]\n"," [ 0.00000000e+00  0.00000000e+00  0.00000000e+00  0.00000000e+00\n","   0.00000000e+00  1.00147390e-18]]\n","Sigma  [[ 4.73458536e-03  2.01965177e-03  1.27011987e-03 -8.76866613e-04\n","   6.90035359e-04  0.00000000e+00]\n"," [ 2.01965177e-03  1.03063096e-03  1.00924761e-03 -2.88549756e-04\n","   2.52848586e-04  0.00000000e+00]\n"," [ 1.27011987e-03  1.00924761e-03  1.67607433e-03 -1.19429007e-04\n","  -6.67464407e-05  0.00000000e+00]\n"," [-8.76866613e-04 -2.88549756e-04 -1.19429007e-04  1.21063379e-03\n","  -6.81557220e-05  0.00000000e+00]\n"," [ 6.90035359e-04  2.52848586e-04 -6.67464407e-05 -6.81557220e-05\n","   6.83099791e-04  0.00000000e+00]\n"," [ 0.00000000e+00  0.00000000e+00  0.00000000e+00  0.00000000e+00\n","   0.00000000e+00  8.67361738e-19]]\n"]},{"output_type":"stream","name":"stderr","text":["/usr/local/lib/python3.7/dist-packages/cvxpy/expressions/expression.py:593: UserWarning: \n","This use of ``*`` has resulted in matrix multiplication.\n","Using ``*`` for matrix multiplication has been deprecated since CVXPY 1.1.\n","    Use ``*`` for matrix-scalar and vector-scalar multiplication.\n","    Use ``@`` for matrix-matrix and matrix-vector multiplication.\n","    Use ``multiply`` for elementwise multiplication.\n","This code path has been hit 223 times so far.\n","\n","  warnings.warn(msg, UserWarning)\n","/usr/local/lib/python3.7/dist-packages/cvxpy/expressions/expression.py:593: UserWarning: \n","This use of ``*`` has resulted in matrix multiplication.\n","Using ``*`` for matrix multiplication has been deprecated since CVXPY 1.1.\n","    Use ``*`` for matrix-scalar and vector-scalar multiplication.\n","    Use ``@`` for matrix-matrix and matrix-vector multiplication.\n","    Use ``multiply`` for elementwise multiplication.\n","This code path has been hit 224 times so far.\n","\n","  warnings.warn(msg, UserWarning)\n"]},{"output_type":"stream","name":"stdout","text":["Sigma  [[ 2.44759804e-03  7.74569265e-04  1.45015069e-04  1.04117805e-05\n","   1.15860293e-04  0.00000000e+00]\n"," [ 7.74569265e-04  2.57563012e-03  1.79377748e-03 -1.94432639e-03\n","   1.76027618e-03  0.00000000e+00]\n"," [ 1.45015069e-04  1.79377748e-03  2.35550979e-03 -1.75278565e-03\n","   1.50105325e-03  0.00000000e+00]\n"," [ 1.04117805e-05 -1.94432639e-03 -1.75278565e-03  1.73815068e-03\n","  -1.61167985e-03  0.00000000e+00]\n"," [ 1.15860293e-04  1.76027618e-03  1.50105325e-03 -1.61167985e-03\n","   1.79399532e-03  0.00000000e+00]\n"," [ 0.00000000e+00  0.00000000e+00  0.00000000e+00  0.00000000e+00\n","   0.00000000e+00  1.90200576e-18]]\n","Sigma  [[ 2.70783539e-03  4.72260286e-04  6.16005054e-04  3.39935166e-04\n","  -8.16450854e-04  0.00000000e+00]\n"," [ 4.72260286e-04  8.60532260e-04  6.10780810e-04 -4.74590220e-04\n","   9.07920573e-04  0.00000000e+00]\n"," [ 6.16005054e-04  6.10780810e-04  1.32710681e-03 -3.28797195e-04\n","   2.52161434e-04  0.00000000e+00]\n"," [ 3.39935166e-04 -4.74590220e-04 -3.28797195e-04  5.89978226e-04\n","  -7.44106962e-04  0.00000000e+00]\n"," [-8.16450854e-04  9.07920573e-04  2.52161434e-04 -7.44106962e-04\n","   1.75320850e-03  0.00000000e+00]\n"," [ 0.00000000e+00  0.00000000e+00  0.00000000e+00  0.00000000e+00\n","   0.00000000e+00  1.01859541e-18]]\n","Sigma  [[ 4.34553406e-03  1.46902609e-03  7.90299159e-04  1.32267401e-03\n","   1.12164342e-03  0.00000000e+00]\n"," [ 1.46902609e-03  3.06406606e-03  6.26865950e-04 -2.21303085e-04\n","   1.61901959e-04  0.00000000e+00]\n"," [ 7.90299159e-04  6.26865950e-04  1.12448017e-03  1.57961102e-04\n","   3.02040651e-04  0.00000000e+00]\n"," [ 1.32267401e-03 -2.21303085e-04  1.57961102e-04  1.21535035e-03\n","   1.41306910e-03  0.00000000e+00]\n"," [ 1.12164342e-03  1.61901959e-04  3.02040651e-04  1.41306910e-03\n","   1.93436600e-03  0.00000000e+00]\n"," [ 0.00000000e+00  0.00000000e+00  0.00000000e+00  0.00000000e+00\n","   0.00000000e+00  1.18547104e-18]]\n","Sigma  [[6.36471171e-03 2.56746287e-03 2.04926206e-03 1.78176086e-03\n","  3.49613495e-03 0.00000000e+00]\n"," [2.56746287e-03 1.56604679e-03 1.07124083e-03 3.56600468e-04\n","  1.43325409e-03 0.00000000e+00]\n"," [2.04926206e-03 1.07124083e-03 1.70761071e-03 6.05002211e-04\n","  1.30426955e-03 0.00000000e+00]\n"," [1.78176086e-03 3.56600468e-04 6.05002211e-04 1.09695994e-03\n","  1.49499980e-03 0.00000000e+00]\n"," [3.49613495e-03 1.43325409e-03 1.30426955e-03 1.49499980e-03\n","  2.74925008e-03 0.00000000e+00]\n"," [0.00000000e+00 0.00000000e+00 0.00000000e+00 0.00000000e+00\n","  0.00000000e+00 1.93310138e-18]]\n"]},{"output_type":"stream","name":"stderr","text":["/usr/local/lib/python3.7/dist-packages/cvxpy/expressions/expression.py:593: UserWarning: \n","This use of ``*`` has resulted in matrix multiplication.\n","Using ``*`` for matrix multiplication has been deprecated since CVXPY 1.1.\n","    Use ``*`` for matrix-scalar and vector-scalar multiplication.\n","    Use ``@`` for matrix-matrix and matrix-vector multiplication.\n","    Use ``multiply`` for elementwise multiplication.\n","This code path has been hit 225 times so far.\n","\n","  warnings.warn(msg, UserWarning)\n","/usr/local/lib/python3.7/dist-packages/cvxpy/expressions/expression.py:593: UserWarning: \n","This use of ``*`` has resulted in matrix multiplication.\n","Using ``*`` for matrix multiplication has been deprecated since CVXPY 1.1.\n","    Use ``*`` for matrix-scalar and vector-scalar multiplication.\n","    Use ``@`` for matrix-matrix and matrix-vector multiplication.\n","    Use ``multiply`` for elementwise multiplication.\n","This code path has been hit 226 times so far.\n","\n","  warnings.warn(msg, UserWarning)\n","/usr/local/lib/python3.7/dist-packages/cvxpy/expressions/expression.py:593: UserWarning: \n","This use of ``*`` has resulted in matrix multiplication.\n","Using ``*`` for matrix multiplication has been deprecated since CVXPY 1.1.\n","    Use ``*`` for matrix-scalar and vector-scalar multiplication.\n","    Use ``@`` for matrix-matrix and matrix-vector multiplication.\n","    Use ``multiply`` for elementwise multiplication.\n","This code path has been hit 227 times so far.\n","\n","  warnings.warn(msg, UserWarning)\n","/usr/local/lib/python3.7/dist-packages/cvxpy/expressions/expression.py:593: UserWarning: \n","This use of ``*`` has resulted in matrix multiplication.\n","Using ``*`` for matrix multiplication has been deprecated since CVXPY 1.1.\n","    Use ``*`` for matrix-scalar and vector-scalar multiplication.\n","    Use ``@`` for matrix-matrix and matrix-vector multiplication.\n","    Use ``multiply`` for elementwise multiplication.\n","This code path has been hit 228 times so far.\n","\n","  warnings.warn(msg, UserWarning)\n","/usr/local/lib/python3.7/dist-packages/cvxpy/expressions/expression.py:593: UserWarning: \n","This use of ``*`` has resulted in matrix multiplication.\n","Using ``*`` for matrix multiplication has been deprecated since CVXPY 1.1.\n","    Use ``*`` for matrix-scalar and vector-scalar multiplication.\n","    Use ``@`` for matrix-matrix and matrix-vector multiplication.\n","    Use ``multiply`` for elementwise multiplication.\n","This code path has been hit 229 times so far.\n","\n","  warnings.warn(msg, UserWarning)\n","/usr/local/lib/python3.7/dist-packages/cvxpy/expressions/expression.py:593: UserWarning: \n","This use of ``*`` has resulted in matrix multiplication.\n","Using ``*`` for matrix multiplication has been deprecated since CVXPY 1.1.\n","    Use ``*`` for matrix-scalar and vector-scalar multiplication.\n","    Use ``@`` for matrix-matrix and matrix-vector multiplication.\n","    Use ``multiply`` for elementwise multiplication.\n","This code path has been hit 230 times so far.\n","\n","  warnings.warn(msg, UserWarning)\n","/usr/local/lib/python3.7/dist-packages/cvxpy/expressions/expression.py:593: UserWarning: \n","This use of ``*`` has resulted in matrix multiplication.\n","Using ``*`` for matrix multiplication has been deprecated since CVXPY 1.1.\n","    Use ``*`` for matrix-scalar and vector-scalar multiplication.\n","    Use ``@`` for matrix-matrix and matrix-vector multiplication.\n","    Use ``multiply`` for elementwise multiplication.\n","This code path has been hit 231 times so far.\n","\n","  warnings.warn(msg, UserWarning)\n"]},{"output_type":"stream","name":"stdout","text":["Sigma  [[4.85915273e-03 4.84077066e-04 1.92013943e-03 2.54297001e-03\n","  3.79421139e-03 0.00000000e+00]\n"," [4.84077066e-04 2.49785773e-03 1.54259871e-04 1.92486229e-05\n","  4.63880573e-04 0.00000000e+00]\n"," [1.92013943e-03 1.54259871e-04 7.80482444e-04 1.07348355e-03\n","  1.65167415e-03 0.00000000e+00]\n"," [2.54297001e-03 1.92486229e-05 1.07348355e-03 1.55326094e-03\n","  2.44988713e-03 0.00000000e+00]\n"," [3.79421139e-03 4.63880573e-04 1.65167415e-03 2.44988713e-03\n","  4.08135409e-03 0.00000000e+00]\n"," [0.00000000e+00 0.00000000e+00 0.00000000e+00 0.00000000e+00\n","  0.00000000e+00 1.78765959e-18]]\n","Sigma  [[ 2.10232258e-03 -2.80572851e-04  9.27023337e-04  1.60163578e-03\n","   3.80718893e-04  0.00000000e+00]\n"," [-2.80572851e-04  1.97453596e-03 -8.60606014e-04 -4.86505473e-04\n","   1.03605909e-03  0.00000000e+00]\n"," [ 9.27023337e-04 -8.60606014e-04  1.26246476e-03  1.97043218e-03\n","  -1.12135390e-03  0.00000000e+00]\n"," [ 1.60163578e-03 -4.86505473e-04  1.97043218e-03  6.33370597e-03\n","  -1.76217565e-04  0.00000000e+00]\n"," [ 3.80718893e-04  1.03605909e-03 -1.12135390e-03 -1.76217565e-04\n","   2.79740817e-03  0.00000000e+00]\n"," [ 0.00000000e+00  0.00000000e+00  0.00000000e+00  0.00000000e+00\n","   0.00000000e+00  1.73472348e-18]]\n","Sigma  [[1.00581547e-02 2.77579545e-03 4.14453022e-03 7.97107369e-03\n","  9.45255505e-04 0.00000000e+00]\n"," [2.77579545e-03 6.99881189e-03 4.51983284e-04 1.90313114e-03\n","  8.27723190e-04 0.00000000e+00]\n"," [4.14453022e-03 4.51983284e-04 2.11870504e-03 4.40556307e-03\n","  2.65205819e-04 0.00000000e+00]\n"," [7.97107369e-03 1.90313114e-03 4.40556307e-03 9.93762220e-03\n","  2.46154580e-04 0.00000000e+00]\n"," [9.45255505e-04 8.27723190e-04 2.65205819e-04 2.46154580e-04\n","  1.35973004e-03 0.00000000e+00]\n"," [0.00000000e+00 0.00000000e+00 0.00000000e+00 0.00000000e+00\n","  0.00000000e+00 3.46944695e-18]]\n","Sigma  [[5.51808546e-03 3.41963460e-03 2.00137577e-03 2.73834530e-03\n","  1.19571931e-03 0.00000000e+00]\n"," [3.41963460e-03 2.25448913e-03 1.21328881e-03 1.12693318e-03\n","  8.36776902e-04 0.00000000e+00]\n"," [2.00137577e-03 1.21328881e-03 3.10092195e-03 1.32676383e-03\n","  4.34307778e-04 0.00000000e+00]\n"," [2.73834530e-03 1.12693318e-03 1.32676383e-03 3.85762160e-03\n","  5.05393117e-04 0.00000000e+00]\n"," [1.19571931e-03 8.36776902e-04 4.34307778e-04 5.05393117e-04\n","  1.61538207e-03 0.00000000e+00]\n"," [0.00000000e+00 0.00000000e+00 0.00000000e+00 0.00000000e+00\n","  0.00000000e+00 2.22382582e-18]]\n","Sigma  [[ 2.75527195e-02  3.02313847e-03  9.10304673e-03  1.34191743e-02\n","  -1.48786307e-03  0.00000000e+00]\n"," [ 3.02313847e-03  8.20256085e-03  1.13140403e-03  1.74881421e-03\n","   6.36890461e-04  0.00000000e+00]\n"," [ 9.10304673e-03  1.13140403e-03  3.01745379e-03  4.44734858e-03\n","  -3.70899352e-04  0.00000000e+00]\n"," [ 1.34191743e-02  1.74881421e-03  4.44734858e-03  6.55627748e-03\n","  -5.68719438e-04  0.00000000e+00]\n"," [-1.48786307e-03  6.3689